Ocak 01 6.4 105.42
Ocak 02 2.31 68.25
Ocak 03 7.79 244.49
Ocak 04 6.77 61.98
Ocak 05 5.47 271.97
Ocak 06 5.57 432.47
Ocak 07 9.55 92.14
Ocak 08 8.16 335.59
Ocak 09 5.25 212.07
Ocak 10 3.81 65.23
Ocak 11 5.37 406.34
Ocak 12 6.76 148.51
Ocak 13 2.29 315.15
Ocak 14 8.69 28.94
Ocak 15 9.94 222.84
Ocak 16 0.42 218.02
Ocak 17 7.49 91.71
Ocak 18 9.74 284.18
Ocak 19 4.34 208.99
Ocak 20 7.57 263.72
Ocak 21 0.86 443.9
Ocak 22 8.22 143.78
Ocak 23 2.61 263.52
Ocak 24 3.7 406.36
Ocak 25 9.73 268.26
Ocak 26 6.97 472.81
Ocak 27 7.9 263.45
Ocak 28 1.08 499.27
Şubat 01 6.4 75.42
Şubat 02 2.31 45.25
Şubat 03 7.79 70.49
Şubat 04 6.77 45.98
Şubat 05 5.47 58.97
Şubat 06 5.57 72.47
Şubat 07 9.55 40.14
Şubat 08 8.16 43.59
Şubat 09 5.25 48.07
Şubat 10 3.81 39.23
Şubat 11 5.37 50.34
Şubat 12 6.76 42.51
Şubat 13 2.29 39.15
Şubat 14 8.69 33.94
Şubat 15 9.94 52.84
Şubat 16 0.42 36.02
Şubat 17 7.49 41.71
Şubat 18 9.74 53.18
Şubat 19 4.34 43.99
Şubat 20 7.57 49.72
Şubat 21 0.86 40.90
Şubat 22 8.22 43.78
Şubat 23 2.61 42.52
Şubat 24 3.7 49.36
Şubat 25 9.73 48.26
Şubat 26 6.97 47.81
Şubat 27 7.9 49.45
Şubat 28 1.08 45.27

Mart 01 3.18 55.89
Mart 02 2.17 227.52
Mart 03 6.77 367.17
Mart 04 5.03 191.57
Mart 05 5.8 6.7
Mart 06 1.58 432.16
Mart 07 8.07 180.78
Mart 08 4.89 338.58
Mart 09 6.31 169.56
Mart 10 3.17 307.18
Mart 11 8.04 45.62
Mart 12 6.48 148.61
Mart 13 0.83 121.24
Mart 14 3.31 16.42
Mart 15 9.99 169.0
Mart 16 4.39 342.0
Mart 17 9.0 277.16
Mart 18 5.7 115.98
Mart 19 8.16 77.73
Mart 20 0.33 491.43
Mart 21 0.4 194.53
Mart 22 6.5 441.62
Mart 23 3.09 493.32
Mart 24 7.67 147.64
Mart 25 8.79 212.55
Mart 26 7.88 107.83
Mart 27 9.18 10.03
Mart 28 2.89 158.14
Mart 29 3.98 88.96
Mart 30 7.05 477.7
Mart 31 8.99 458.94
Nisan 01 1.73 228.98
Nisan 02 2.03 142.07
Nisan 03 7.87 74.78
Nisan 04 4.5 492.88
Nisan 05 4.52 212.87
Nisan 06 7.26 369.65
Nisan 07 3.9 472.22
Nisan 08 9.87 68.93
Nisan 09 7.31 289.53
Nisan 10 2.92 95.06
Nisan 11 2.86 187.64
Nisan 12 0.17 9.85
Nisan 13 5.78 178.51
Nisan 14 4.54 106.47
Nisan 15 9.72 173.72
Nisan 16 0.1 79.84
Nisan 17 7.19 363.89
Nisan 18 6.93 211.33
Nisan 19 5.18 304.24
Nisan 20 7.81 75.39
Nisan 21 5.14 486.01
Nisan 22 8.96 398.23
Nisan 23 7.13 357.46
Nisan 24 8.34 7.46
Nisan 25 3.19 275.32
Nisan 26 2.81 54.46
Nisan 27 0.94 179.78
Nisan 28 3.55 472.76
Nisan 29 9.96 372.89
Nisan 30 2.55 88.13
Mayıs 01 6.4 105.42
Mayıs 02 2.31 68.25
Mayıs 03 7.79 244.49
Mayıs 04 6.77 61.98
Mayıs 05 5.47 271.97
Mayıs 06 5.57 432.47
Mayıs 07 9.55 92.14
Mayıs 08 8.16 335.59
Mayıs 09 5.25 212.07
Mayıs 10 3.81 65.23
Mayıs 11 5.37 406.34
Mayıs 12 6.76 148.51
Mayıs 13 2.29 315.15
Mayıs 14 8.69 28.94
Mayıs 15 9.94 222.84
Mayıs 16 0.42 218.02
Mayıs 17 7.49 91.71
Mayıs 18 9.74 284.18
Mayıs 19 4.34 208.99
Mayıs 20 7.57 263.72
Mayıs 21 0.86 443.9
Mayıs 22 8.22 143.78
Mayıs 23 2.61 263.52
Mayıs 24 3.7 406.36
Mayıs 25 9.73 268.26
Mayıs 26 6.97 472.81
Mayıs 27 7.9 263.45
Mayıs 28 1.08 499.27
Haziran 01 6.4 105.42
Haziran 02 2.31 68.25
Haziran 03 7.79 244.49
Haziran 04 6.77 61.98
Haziran 05 5.47 271.97
Haziran 06 5.57 432.47
Haziran 07 9.55 92.14
Haziran 08 8.16 335.59
Haziran 09 5.25 212.07
Haziran 10 3.81 65.23
Haziran 11 5.37 406.34
Haziran 12 6.76 148.51
Haziran 13 2.29 315.15
Haziran 14 8.69 28.94
Haziran 15 9.94 222.84
Haziran 16 0.42 218.02
Haziran 17 7.49 91.71
Haziran 18 9.74 284.18
Haziran 19 4.34 208.99
Haziran 20 7.57 263.72
Haziran 21 0.86 443.9
Haziran 22 8.22 143.78
Haziran 23 2.61 263.52
Haziran 24 3.7 406.36
Haziran 25 9.73 268.26
Haziran 26 6.97 472.81
Haziran 27 7.9 263.45
Haziran 28 1.08 499.27
Temmuz 01 6.4 105.42
Temmuz 02 2.31 68.25
Temmuz 03 7.79 244.49
Temmuz 04 6.77 61.98
Temmuz 05 5.47 271.97
Temmuz 06 5.57 432.47
Temmuz 07 9.55 92.14
Temmuz 08 8.16 335.59
Temmuz 09 5.25 212.07
Temmuz 10 3.81 65.23
Temmuz 11 5.37 406.34
Temmuz 12 6.76 148.51
Temmuz 13 2.29 315.15
Temmuz 14 8.69 28.94
Temmuz 15 9.94 222.84
Temmuz 16 0.42 218.02
Temmuz 17 7.49 91.71
Temmuz 18 9.74 284.18
Temmuz 19 4.34 208.99
Temmuz 20 7.57 263.72
Temmuz 21 0.86 443.9
Temmuz 22 8.22 143.78
Temmuz 23 2.61 263.52
Temmuz 24 3.7 406.36
Temmuz 25 9.73 268.26
Temmuz 26 6.97 472.81
Temmuz 27 7.9 263.45
Temmuz 28 1.08 499.27
Ağustos 01 6.4 105.42
Ağustos 02 2.31 68.25
Ağustos 03 7.79 244.49
Ağustos 04 6.77 61.98
Ağustos 05 5.47 271.97
Ağustos 06 5.57 432.47
Ağustos 07 9.55 92.14
Ağustos 08 8.16 335.59
Ağustos 09 5.25 212.07
Ağustos 10 3.81 65.23
Ağustos 11 5.37 406.34
Ağustos 12 6.76 148.51
Ağustos 13 2.29 315.15
Ağustos 14 8.69 28.94
Ağustos 15 9.94 222.84
Ağustos 16 0.42 218.02
Ağustos 17 7.49 91.71
Ağustos 18 9.74 284.18
Ağustos 19 4.34 208.99
Ağustos 20 7.57 263.72
Ağustos 21 0.86 443.9
Ağustos 22 8.22 143.78
Ağustos 23 2.61 263.52
Ağustos 24 3.7 406.36
Ağustos 25 9.73 268.26
Ağustos 26 6.97 472.81
Ağustos 27 7.9 263.45
Ağustos 28 1.08 499.27
Eylül 01 6.4 105.42
Eylül 02 2.31 68.25
Eylül 03 7.79 244.49
Eylül 04 6.77 61.98
Eylül 05 5.47 271.97
Eylül 06 5.57 432.47
Eylül 07 9.55 92.14
Eylül 08 8.16 335.59
Eylül 09 5.25 212.07
Eylül 10 3.81 65.23
Eylül 11 5.37 406.34
Eylül 12 6.76 148.51
Eylül 13 2.29 315.15
Eylül 14 8.69 28.94
Eylül 15 9.94 222.84
Eylül 16 0.42 218.02
Eylül 17 7.49 91.71
Eylül 18 9.74 284.18
Eylül 19 4.34 208.99
Eylül 20 7.57 263.72
Eylül 21 0.86 443.9
Eylül 22 8.22 143.78
Eylül 23 2.61 263.52
Eylül 24 3.7 406.36
Eylül 25 9.73 268.26
Eylül 26 6.97 472.81
Eylül 27 7.9 263.45
Eylül 28 1.08 499.27
Ekim 01 6.4 105.42
Ekim 02 2.31 68.25
Ekim 03 7.79 244.49
Ekim 04 6.77 61.98
Ekim 05 5.47 271.97
Ekim 06 5.57 432.47
Ekim 07 9.55 92.14
Ekim 08 8.16 335.59
Ekim 09 5.25 212.07
Ekim 10 3.81 65.23
Ekim 11 5.37 406.34
Ekim 12 6.76 148.51
Ekim 13 2.29 315.15
Ekim 14 8.69 28.94
Ekim 15 9.94 222.84
Ekim 16 0.42 218.02
Ekim 17 7.49 91.71
Ekim 18 9.74 284.18
Ekim 19 4.34 208.99
Ekim 20 7.57 263.72
Ekim 21 0.86 443.9
Ekim 22 8.22 143.78
Ekim 23 2.61 263.52
Ekim 24 3.7 406.36
Ekim 25 9.73 268.26
Ekim 26 6.97 472.81
Ekim 27 7.9 263.45
Ekim 28 1.08 499.27
Kasım 01 6.4 105.42
Kasım 02 2.31 68.25
Kasım 03 7.79 244.49
Kasım 04 6.77 61.98
Kasım 05 5.47 271.97
Kasım 06 5.57 432.47
Kasım 07 9.55 92.14
Kasım 08 8.16 335.59
Kasım 09 5.25 212.07
Kasım 10 3.81 65.23
Kasım 11 5.37 406.34
Kasım 12 6.76 148.51
Kasım 13 2.29 315.15
Kasım 14 8.69 28.94
Kasım 15 9.94 222.84
Kasım 16 0.42 218.02
Kasım 17 7.49 91.71
Kasım 18 9.74 284.18
Kasım 19 4.34 208.99
Kasım 20 7.57 263.72
Kasım 21 0.86 443.9
Kasım 22 8.22 143.78
Kasım 23 2.61 263.52
Kasım 24 3.7 406.36
Kasım 25 9.73 268.26
Kasım 26 6.97 472.81
Kasım 27 7.9 263.45
Kasım 28 1.08 499.27
Kasım 29 6.8 223.56
Kasım 30 4.9 351.49
Aralık 01 6.4 105.42
Aralık 02 2.31 68.25
Aralık 03 7.79 244.49
Aralık 04 6.77 61.98
Aralık 05 5.47 271.97
Aralık 06 5.57 432.47
Aralık 07 9.55 92.14
Aralık 08 8.16 335.59
Aralık 09 5.25 212.07
Aralık 10 3.81 65.23
Aralık 11 5.37 406.34
Aralık 12 6.76 148.51
Aralık 13 2.29 315.15
Aralık 14 8.69 28.94
Aralık 15 9.94 222.84
Aralık 16 0.42 218.02
Aralık 17 7.49 91.71
Aralık 18 9.74 284.18
Aralık 19 4.34 208.99
Aralık 20 7.57 263.72
Aralık 21 0.86 443.9
Aralık 22 8.22 143.78
Aralık 23 2.61 263.52
Aralık 24 3.7 406.36
Aralık 25 9.73 268.26
Aralık 26 6.97 472.81
Aralık 27 7.9 263.45
Aralık 28 1.08 499.27
Aralık 29 6.8 223.56
Aralık 30 4.9 351.49
